x_value,total_1,total_2
0,85.00,1023
1,85.00,1023
2,85.00,1023
3,85.00,1023
4,85.00,1023
5,85.00,1023
6,85.00,1023
7,85.00,1023
8,85.00,1023
9,85.00,1023
10,85.00,1023
11,85.00,918
12,85.00,799
13,85.00,795
14,85.00,795
15,85.00,795
16,85.00,982
17,85.00,1023
18,85.00,743
19,85.00,377
20,85.00,54
21,85.00,0
22,85.00,6
23,85.00,145
24,85.00,145
25,85.00,145
26,85.00,146
27,85.00,145
28,85.00,145
29,85.00,146
30,85.00,146
31,85.00,145
32,85.00,146
33,85.00,146
34,85.00,146
35,85.00,145
36,85.00,146
37,85.00,146
38,85.00,146
39,85.00,146
40,85.00,145
41,85.00,146
42,85.00,146
43,85.00,145
44,85.00,145
45,85.00,145
46,85.00,145
47,85.00,145
48,85.00,145
49,85.00,145
50,85.00,145
51,85.00,146
52,85.00,145
53,85.00,145
54,85.00,146
55,85.00,146
56,85.00,145
57,85.00,145
58,85.00,145
59,85.00,146
60,85.00,146
61,85.00,145
62,85.00,145
63,85.00,145
64,85.00,145
65,85.00,145
66,85.00,145
67,85.00,145
68,85.00,145
69,85.00,145
70,85.00,145
71,85.00,146
72,85.00,145
74,85.00,146
75,85.00,145
76,85.00,146
77,85.00,145
78,85.00,146
79,85.00,145
80,85.00,145
81,85.00,145
82,85.00,145
83,85.00,145
84,85.00,145
85,85.00,145
86,85.00,145
87,85.00,145
88,85.00,145
89,85.00,145
90,85.00,145
91,85.00,145
92,85.00,145
93,85.00,145
94,85.00,145
95,85.00,145
96,85.00,145
97,85.00,145
98,85.00,145
99,85.00,145
100,85.00,145
101,85.00,145
102,85.00,145
103,85.00,145
104,85.00,145
105,85.00,146
106,85.00,145
107,85.00,145
108,85.00,145
109,85.00,145
110,85.00,145
111,85.00,145
112,85.00,145
113,85.00,145
114,85.00,145
115,85.00,145
116,85.00,145
117,85.00,145
118,85.00,146
119,85.00,145
120,85.00,145
121,85.00,145
122,85.00,145
123,85.00,145
124,85.00,145
125,85.00,146
126,85.00,145
127,85.00,145
128,85.00,145
129,85.00,145
130,85.00,145
131,85.00,145
132,85.00,145
133,85.00,145
134,85.00,145
135,85.00,145
136,85.00,145
137,85.00,146
138,85.00,145
139,85.00,145
140,85.00,145
141,85.00,144
142,85.00,145
143,85.00,145
144,85.00,145
145,85.00,145
146,85.00,146
147,85.00,145
148,85.00,146
149,85.00,146
150,85.00,145
152,85.00,145
153,85.00,145
154,85.00,145
155,85.00,145
156,85.00,146
157,85.00,145
158,85.00,145
159,85.00,145
160,85.00,145
161,85.00,145
162,85.00,145
163,85.00,145
164,85.00,145
165,85.00,145
166,85.00,145
167,85.00,145
168,85.00,145
169,85.00,145
170,85.00,145
171,85.00,145
172,85.00,145
173,85.00,145
174,85.00,145
175,85.00,145
176,85.00,145
177,85.00,145
178,85.00,145
179,85.00,145
180,85.00,145
181,85.00,144
182,85.00,146
183,85.00,145
184,85.00,145
185,85.00,145
186,85.00,145
187,85.00,145
188,85.00,145
189,85.00,145
190,85.00,145
191,85.00,145
192,85.00,145
193,85.00,145
194,85.00,145
195,85.00,145
196,85.00,145
197,85.00,145
198,85.00,145
199,85.00,145
200,85.00,145
201,85.00,145
202,85.00,145
203,85.00,145
204,85.00,145
205,85.00,145
206,85.00,145
207,85.00,145
208,85.00,145
209,85.00,145
210,85.00,145
211,85.00,145
212,85.00,145
213,85.00,145
214,85.00,145
215,85.00,145
216,85.00,145
217,85.00,145
218,85.00,145
219,85.00,145
220,85.00,146
221,85.00,145
222,85.00,145
223,85.00,146
224,85.00,145
225,85.00,145
226,85.00,145
227,85.00,145
229,85.00,145
230,85.00,145
231,85.00,145
232,85.00,146
233,85.00,145
234,85.00,145
235,85.00,145
236,85.00,145
237,85.00,145
238,85.00,145
239,85.00,145
240,85.00,145
241,85.00,145
242,85.00,145
243,85.00,145
244,85.00,145
245,85.00,145
246,85.00,145
247,85.00,145
248,85.00,145
249,85.00,145
250,85.00,145
251,85.00,145
252,85.00,145
253,85.00,145
254,85.00,145
255,85.00,145
256,85.00,145
257,85.00,145
258,85.00,146
259,85.00,145
260,85.00,145
261,85.00,145
262,85.00,145
263,85.00,145
264,85.00,145
265,85.00,145
266,85.00,145
267,85.00,145
268,85.00,145
269,85.00,145
270,85.00,145
271,85.00,145
272,85.00,145
273,85.00,145
274,85.00,145
275,85.00,145
276,85.00,145
277,85.00,145
278,85.00,145
279,85.00,145
280,85.00,145
281,85.00,145
282,85.00,145
283,85.00,145
284,85.00,145
285,85.00,145
286,85.00,145
287,85.00,145
288,85.00,145
289,85.00,144
290,85.00,145
291,85.00,145
292,85.00,145
293,85.00,145
294,85.00,145
295,85.00,145
296,85.00,145
297,85.00,145
298,85.00,145
299,85.00,145
300,85.00,145
301,85.00,145
302,85.00,145
303,85.00,145
304,85.00,145
305,85.00,145
307,85.00,144
308,85.00,145
309,85.00,145
310,85.00,145
311,85.00,145
312,85.00,145
313,85.00,145
314,85.00,145
315,85.00,145
316,85.00,145
317,85.00,145
318,85.00,145
319,85.00,145
320,85.00,145
321,85.00,145
322,85.00,145
323,85.00,145
324,85.00,145
325,85.00,145
326,85.00,145
327,85.00,145
328,85.00,145
329,85.00,145
330,85.00,145
331,85.00,145
332,85.00,145
333,85.00,145
334,85.00,145
335,85.00,145
336,85.00,145
337,85.00,145
338,85.00,145
339,85.00,145
340,85.00,145
341,85.00,145
342,85.00,145
343,85.00,145
344,85.00,145
345,85.00,145
346,85.00,145
347,85.00,145
348,85.00,146
349,85.00,145
350,85.00,145
351,85.00,145
352,85.00,145
353,85.00,145
354,85.00,145
355,85.00,145
356,85.00,145
357,85.00,145
358,85.00,145
359,85.00,146
360,85.00,145
361,85.00,145
362,85.00,145
363,85.00,145
364,85.00,145
365,85.00,146
366,85.00,145
367,85.00,145
368,85.00,145
369,85.00,145
370,85.00,145
371,85.00,145
372,85.00,145
373,85.00,145
374,85.00,145
375,85.00,145
376,85.00,145
377,85.00,145
378,85.00,145
379,85.00,145
380,85.00,145
381,85.00,145
382,85.00,145
383,85.00,145
385,85.00,145
386,85.00,145
387,85.00,145
388,85.00,145
389,85.00,145
390,85.00,145
391,85.00,145
392,85.00,145
393,85.00,145
394,85.00,145
395,85.00,145
396,85.00,145
397,85.00,145
398,85.00,146
399,85.00,145
400,85.00,146
401,85.00,145
402,85.00,145
403,85.00,145
404,85.00,146
405,85.00,145
406,85.00,145
407,85.00,145
408,85.00,145
409,85.00,145
410,85.00,145
411,85.00,146
412,85.00,145
413,85.00,145
414,85.00,145
415,85.00,145
416,85.00,145
417,85.00,146
418,85.00,145
419,85.00,145
420,85.00,145
421,85.00,145
422,85.00,145
423,85.00,145
424,85.00,145
425,85.00,145
426,85.00,145
427,85.00,145
428,85.00,145
429,85.00,145
430,85.00,145
431,85.00,145
432,85.00,145
433,85.00,145
434,85.00,145
435,85.00,145
436,85.00,145
437,85.00,145
438,85.00,146
439,85.00,145
440,85.00,145
441,85.00,145
442,85.00,145
443,85.00,145
444,85.00,145
445,85.00,145
446,85.00,145
447,85.00,145
448,85.00,145
449,85.00,145
450,85.00,145
451,85.00,145
452,85.00,145
453,85.00,145
454,85.00,145
455,85.00,145
456,85.00,145
457,85.00,145
458,85.00,145
459,85.00,145
460,85.00,145
462,85.00,145
463,85.00,145
464,85.00,145
465,85.00,145
466,85.00,145
467,85.00,145
468,85.00,145
469,85.00,145
470,85.00,145
471,85.00,145
472,85.00,145
473,85.00,145
474,85.00,145
475,85.00,145
476,85.00,145
477,85.00,145
478,85.00,145
479,85.00,146
480,85.00,144
481,85.00,145
482,85.00,145
483,85.00,145
484,85.00,145
485,85.00,145
486,85.00,145
487,85.00,145
488,85.00,145
489,85.00,145
490,85.00,145
491,85.00,146
492,85.00,145
493,85.00,145
494,85.00,145
495,85.00,145
496,85.00,145
497,85.00,145
498,85.00,145
499,85.00,145
500,85.00,146
501,85.00,145
502,85.00,145
503,85.00,145
504,85.00,146
505,85.00,145
506,85.00,145
507,85.00,145
508,85.00,145
509,85.00,145
510,85.00,145
511,85.00,145
512,85.00,145
513,85.00,145
514,85.00,145
515,85.00,145
516,85.00,145
517,85.00,145
518,85.00,146
519,85.00,145
520,85.00,145
521,85.00,145
522,85.00,145
523,85.00,145
524,85.00,145
525,85.00,145
526,85.00,145
527,85.00,145
528,85.00,145
529,85.00,146
530,85.00,145
531,85.00,145
532,85.00,145
533,85.00,145
534,85.00,145
535,85.00,145
536,85.00,145
537,85.00,145
538,85.00,145
540,85.00,145
541,85.00,145
542,85.00,145
543,85.00,145
544,85.00,145
545,85.00,146
546,85.00,145
547,85.00,145
548,85.00,145
549,85.00,145
550,85.00,145
551,85.00,145
552,85.00,145
553,85.00,145
554,85.00,145
555,85.00,145
556,85.00,145
557,85.00,144
558,85.00,145
559,85.00,145
560,85.00,145
561,85.00,145
562,85.00,145
563,85.00,145
564,85.00,145
565,85.00,145
566,85.00,145
567,85.00,145
568,85.00,145
569,85.00,145
570,85.00,145
571,85.00,145
572,85.00,146
573,85.00,145
574,85.00,145
575,85.00,145
576,85.00,145
577,85.00,145
578,85.00,145
579,85.00,145
580,85.00,145
581,85.00,145
582,85.00,145
583,85.00,145
584,85.00,145
585,85.00,145
586,85.00,145
587,85.00,145
588,85.00,145
589,85.00,145
590,85.00,145
591,85.00,145
592,85.00,145
593,85.00,145
594,85.00,145
595,85.00,146
596,85.00,145
597,85.00,145
598,85.00,145
599,85.00,145
600,85.00,145
601,85.00,145
602,85.00,145
603,85.00,145
604,85.00,145
605,85.00,145
606,85.00,145
607,85.00,145
608,85.00,145
609,85.00,145
610,85.00,145
611,85.00,145
612,85.00,145
613,85.00,145
614,85.00,145
615,85.00,145
616,85.00,145
618,85.00,145
619,85.00,144
620,85.00,145
621,85.00,145
622,85.00,145
623,85.00,145
624,85.00,145
625,85.00,145
626,85.00,145
627,85.00,145
628,85.00,145
629,85.00,145
630,85.00,145
631,85.00,145
632,85.00,145
633,85.00,144
634,85.00,145
635,85.00,145
636,85.00,145
637,85.00,144
638,85.00,145
639,85.00,145
640,85.00,145
641,85.00,145
642,85.00,145
643,85.00,145
644,85.00,145
645,85.00,145
646,85.00,145
647,85.00,145
648,85.00,145
649,85.00,145
650,85.00,145
651,85.00,145
652,85.00,145
653,85.00,145
654,85.00,145
655,85.00,145
656,85.00,145
657,85.00,145
658,85.00,145
659,85.00,145
660,85.00,145
661,85.00,145
662,85.00,145
663,85.00,144
664,85.00,145
665,85.00,145
666,85.00,145
667,85.00,145
668,85.00,145
669,85.00,145
670,85.00,145
671,85.00,145
672,85.00,145
673,85.00,145
674,85.00,146
675,85.00,145
676,85.00,145
677,85.00,145
678,85.00,145
679,85.00,145
680,85.00,145
681,85.00,145
682,85.00,145
683,85.00,145
684,85.00,145
685,85.00,145
686,85.00,145
687,85.00,145
688,85.00,145
689,85.00,145
690,85.00,145
691,85.00,145
692,85.00,145
693,85.00,145
695,85.00,145
696,85.00,145
697,85.00,145
698,85.00,145
699,85.00,145
700,85.00,145
701,85.00,145
702,85.00,145
703,85.00,145
704,85.00,145
705,85.00,145
706,85.00,145
707,85.00,145
708,85.00,145
709,85.00,145
710,85.00,145
711,85.00,145
712,85.00,145
713,85.00,145
714,85.00,145
715,85.00,145
716,85.00,145
717,85.00,145
718,85.00,145
719,85.00,145
720,85.00,145
721,85.00,145
722,85.00,145
723,85.00,145
724,85.00,145
725,85.00,145
726,85.00,145
727,85.00,145
728,85.00,145
729,85.00,145
730,85.00,145
731,85.00,145
732,85.00,145
733,85.00,145
734,85.00,145
735,85.00,145
736,85.00,145
737,85.00,145
738,85.00,145
739,85.00,145
740,85.00,145
741,85.00,145
742,85.00,145
743,85.00,145
744,85.00,145
745,85.00,145
746,85.00,145
747,85.00,145
748,85.00,145
749,85.00,145
750,85.00,145
751,85.00,145
752,85.00,145
753,85.00,145
754,85.00,145
755,85.00,145
756,85.00,145
757,85.00,145
758,85.00,145
759,85.00,145
760,85.00,146
761,85.00,145
762,85.00,146
763,85.00,145
764,85.00,145
765,85.00,145
766,85.00,145
767,85.00,145
768,85.00,145
769,85.00,145
770,85.00,146
771,85.00,145
773,85.00,145
774,85.00,145
775,85.00,145
776,85.00,145
777,85.00,145
778,85.00,146
779,85.00,145
780,85.00,145
781,85.00,145
782,85.00,145
783,85.00,145
784,85.00,145
785,85.00,145
786,85.00,145
787,85.00,145
788,85.00,145
789,85.00,145
790,85.00,146
791,85.00,145
792,85.00,145
793,85.00,145
794,85.00,145
795,85.00,145
796,85.00,145
797,85.00,145
798,85.00,145
799,85.00,146
800,85.00,145
801,85.00,145
802,85.00,145
803,85.00,145
804,85.00,145
805,85.00,145
806,85.00,145
807,85.00,145
808,85.00,145
809,85.00,145
810,85.00,144
811,85.00,145
812,85.00,145
813,85.00,145
814,85.00,145
815,85.00,145
816,85.00,145
817,85.00,145
818,85.00,145
819,85.00,145
820,85.00,145
821,85.00,145
822,85.00,145
823,85.00,145
824,85.00,145
825,85.00,145
826,85.00,145
827,85.00,145
828,85.00,145
829,85.00,145
830,85.00,145
831,85.00,145
832,85.00,146
833,85.00,145
834,85.00,145
835,85.00,145
836,85.00,146
837,85.00,145
838,85.00,145
839,85.00,145
840,85.00,145
841,85.00,145
842,85.00,145
843,85.00,145
844,85.00,145
845,85.00,145
846,85.00,145
847,85.00,145
848,85.00,145
850,85.00,145
851,85.00,145
852,85.00,145
853,85.00,145
854,85.00,145
855,85.00,145
856,85.00,145
857,85.00,145
858,85.00,145
859,85.00,145
860,85.00,145
861,85.00,145
862,85.00,144
863,85.00,145
864,85.00,146
865,85.00,145
866,85.00,145
867,85.00,145
868,85.00,145
869,85.00,145
870,85.00,145
871,85.00,145
872,85.00,145
873,85.00,145
874,85.00,145
875,85.00,145
876,85.00,145
877,85.00,145
878,85.00,145
879,85.00,145
880,85.00,145
881,85.00,145
882,85.00,145
883,85.00,145
884,85.00,145
885,85.00,145
886,85.00,145
887,85.00,146
888,85.00,145
889,85.00,145
890,85.00,145
891,85.00,145
892,85.00,145
893,85.00,145
894,85.00,145
895,85.00,145
896,85.00,145
897,85.00,145
898,85.00,145
899,85.00,145
900,85.00,145
901,85.00,145
902,85.00,146
903,85.00,145
904,85.00,145
905,85.00,145
906,85.00,145
907,85.00,145
908,85.00,146
909,85.00,145
910,85.00,145
911,85.00,145
912,85.00,145
913,85.00,145
914,85.00,145
915,85.00,146
916,85.00,145
917,85.00,145
918,85.00,145
919,85.00,145
920,85.00,145
921,85.00,145
922,85.00,145
923,85.00,145
924,85.00,145
925,85.00,145
926,85.00,145
928,85.00,145
929,85.00,145
930,85.00,145
931,85.00,145
932,85.00,145
933,85.00,145
934,85.00,145
935,85.00,145
936,85.00,145
937,85.00,144
938,85.00,145
939,85.00,145
940,85.00,145
941,85.00,145
942,85.00,145
943,85.00,145
944,85.00,145
945,85.00,146
946,85.00,145
947,85.00,145
948,85.00,145
949,85.00,146
950,85.00,146
951,85.00,145
952,85.00,145
953,85.00,145
954,85.00,145
955,85.00,145
956,85.00,145
957,85.00,145
958,85.00,145
959,85.00,145
960,85.00,145
961,85.00,145
962,85.00,145
963,85.00,145
964,85.00,145
965,85.00,145
966,85.00,145
967,85.00,145
968,85.00,145
969,85.00,145
970,85.00,145
971,85.00,145
972,85.00,145
973,85.00,145
974,85.00,146
975,85.00,145
976,85.00,144
977,85.00,145
978,85.00,145
979,85.00,145
980,85.00,145
981,85.00,145
982,85.00,145
983,85.00,145
984,85.00,146
985,85.00,145
986,85.00,145
987,85.00,145
988,85.00,145
989,85.00,145
990,85.00,145
991,85.00,145
992,85.00,145
993,85.00,145
994,85.00,145
995,85.00,145
996,85.00,145
997,85.00,145
998,85.00,145
999,85.00,145
1000,85.00,145
1001,85.00,145
1002,85.00,145
1003,85.00,145
1004,85.00,145
1006,85.00,145
1007,85.00,145
1008,85.00,145
1009,85.00,145
1010,85.00,145
1011,85.00,145
1012,85.00,145
1013,85.00,145
1014,85.00,145
1015,85.00,145
1016,85.00,145
1017,85.00,145
1018,85.00,145
1019,85.00,145
1020,85.00,145
1021,85.00,145
1022,85.00,145
1023,85.00,145
1024,85.00,145
1025,85.00,145
1026,85.00,145
1027,85.00,144
1028,85.00,145
1029,85.00,145
1030,85.00,145
1031,85.00,145
1032,85.00,145
1033,85.00,145
1034,85.00,145
1035,85.00,145
1036,85.00,145
1037,85.00,145
1038,85.00,145
1039,85.00,145
1040,85.00,145
1041,85.00,145
1042,85.00,145
1043,85.00,145
1044,85.00,145
1045,85.00,145
1046,85.00,145
1047,85.00,145
1048,85.00,145
1049,85.00,145
1050,85.00,145
1051,85.00,145
1052,85.00,145
1053,85.00,145
1054,85.00,145
1055,85.00,145
1056,85.00,145
1057,85.00,145
1058,85.00,145
1059,85.00,145
1060,85.00,145
1061,85.00,145
1062,85.00,145
1063,85.00,145
1064,85.00,145
1065,85.00,145
1066,85.00,144
1067,85.00,145
1068,85.00,145
1069,85.00,145
1070,85.00,145
1071,85.00,146
1072,85.00,146
1073,85.00,145
1074,85.00,145
1075,85.00,145
1076,85.00,145
1077,85.00,145
1078,85.00,145
1079,85.00,144
1080,85.00,145
1081,85.00,145
1083,85.00,145
1084,85.00,145
1085,85.00,145
1086,85.00,145
1087,85.00,145
1088,85.00,145
1089,85.00,145
1090,85.00,145
1091,85.00,145
1092,85.00,145
1093,85.00,145
1094,85.00,145
1095,85.00,145
1096,85.00,145
1097,85.00,145
1098,85.00,145
1099,85.00,145
1100,85.00,145
1101,85.00,145
1102,85.00,145
1103,85.00,145
1104,85.00,145
1105,85.00,145
1106,85.00,145
1107,85.00,145
1108,85.00,145
1109,85.00,145
1110,85.00,145
1111,85.00,145
1112,85.00,145
1113,85.00,145
1114,85.00,145
1115,85.00,145
1116,85.00,145
1117,85.00,145
1118,85.00,145
1119,85.00,146
1120,85.00,145
1121,85.00,145
1122,85.00,146
1123,85.00,145
1124,85.00,145
1125,85.00,145
1126,85.00,145
1127,85.00,146
1128,85.00,145
1129,85.00,145
1130,85.00,145
1131,85.00,145
